271
272
273
274
275
283
277
276
281
278
279
280
282
4
3
174
173
1
2
5
15
6
7
8
9
10
11
13
12
14
35
47
44
36
37
38
39
40
41
42
43
45
46
19
30
20
21
22
24
23
25
29
28
50
61
51
52
53
54
59
55
56
57
58
60
64
65
85
66
67
68
69
84
72
73
81
78
74
75
76
77
79
80
83
82
16
17
48
27
26
32
31
33
62
71
70
86
171
172
175
184
176
177
178
179
180
181
182
183
191
199
192
193
194
195
198
206
217
207
208
209
210
211
212
216
215
225
236
226
227
228
229
234
230
231
232
233
235
244
245
265
246
247
248
249
264
252
253
261
258
254
255
256
257
259
260
263
262
188
187
185
186
189
197
196
203
202
200
201
204
214
213
221
220
218
219
222
240
239
237
238
241
251
250
269
268
266
267
88
87
89
90
110
91
92
93
94
109
97
98
106
103
99
100
101
102
104
105
108
107
116
117
140
118
119
120
121
139
124
125
136
126
127
133
128
129
130
131
132
134
135
138
137
146
147
165
148
149
150
151
162
159
152
153
154
155
156
157
158
160
161
164
163
96
95
114
113
111
112
123
122
144
143
141
142
